5
a <- (85-90)/(100/30)^(1/2)
b <- 1 - 0.9968
b

6
a <- (85-90)/(100/30)^(1/2)
0.0032

c <- (93-90)/(100/30)^(1/2)
c
0.9495

e <- 0.9495 - 0.0032
e

z <- (4-12+6)/(16/64+48/75)^(1/2)
z

g <- (10-20)/(25/50+45/60)^(1/2)
g

